1	肖申克的救赎	5	9.7	2505504	
2	霸王别姬	5	9.6	1862632	
3	阿甘正传	5	9.5	1882535	
4	这个杀手不太冷	45	9.4	2044140	
5	泰坦尼克号	45	9.4	1843994	
6	美丽人生	5	9.6	1154209	
7	千与千寻	45	9.4	1963705	
8	辛德勒的名单	5	9.5	962771	
9	盗梦空间	45	9.3	1808238	
10	忠犬八公的故事	45	9.4	1241609	
11	星际穿越	45	9.4	1487207	
12	楚门的世界	45	9.3	1408897	
13	海上钢琴师	45	9.3	1469384	
14	三傻大闹宝莱坞	45	9.2	1645052	
15	机器人总动员	45	9.3	1158579	
16	放牛班的春天	45	9.3	1143800	
17	无间道	45	9.3	1140180	
18	疯狂动物城	45	9.2	1638873	
19	大话西游之大圣娶亲	45	9.2	1341356	
20	熔炉	45	9.3	815824	
21	教父	45	9.3	820796	
22	当幸福来敲门	45	9.2	1329368	
23	控方证人	5	9.6	411943	
24	龙猫	45	9.2	1108966	
25	怦然心动	45	9.1	1588344	
26	触不可及	45	9.3	900133	
27	末代皇帝	45	9.3	726845	
28	蝙蝠侠：黑暗骑士	45	9.2	910435	
29	寻梦环游记	45	9.1	1404344	
30	活着	45	9.3	710492	
31	指环王3：王者无敌	45	9.3	695473	
32	哈利·波特与魔法石	45	9.1	975144	
33	乱世佳人	45	9.3	601209	
34	素媛	45	9.3	584746	
35	飞屋环游记	45	9.1	1156990	
36	摔跤吧！爸爸	45	9.0	1373613	
37	何以为家	45	9.1	892277	
38	哈尔的移动城堡	45	9.1	871220	
39	十二怒汉	45	9.4	406810	
40	我不是药神	45	9.0	1828434	
41	少年派的奇幻漂流	45	9.1	1198105	
42	鬼子来了	45	9.3	537410	
43	大话西游之月光宝盒	45	9.0	1068785	
44	天空之城	45	9.1	722616	
45	天堂电影院	45	9.2	598273	
46	猫鼠游戏	45	9.1	811355	
47	闻香识女人	45	9.1	751327	
48	指环王2：双塔奇兵	45	9.2	647961	
49	罗马假日	45	9.1	841158	
50	钢琴家	45	9.2	501228	
51	让子弹飞	45	8.9	1438159	
52	指环王1：护戒使者	45	9.1	734543	
53	辩护人	45	9.2	521493	
54	大闹天宫	45	9.4	365046	
55	教父2	45	9.2	462864	
56	黑客帝国	45	9.1	714629	
57	狮子王	45	9.1	720729	
58	死亡诗社	45	9.1	606897	
59	海蒂和爷爷	45	9.3	433649	
60	搏击俱乐部	45	9.0	735544	
61	绿皮书	45	8.9	1369961	
62	饮食男女	45	9.1	521240	
63	美丽心灵	45	9.0	662554	
64	窃听风暴	45	9.2	487170	
65	本杰明·巴顿奇事	45	9.0	855574	
66	情书	45	8.9	907716	
67	两杆大烟枪	45	9.1	523679	
68	穿条纹睡衣的男孩	45	9.1	461679	
69	西西里的美丽传说	45	8.9	848141	
70	看不见的客人	45	8.8	1068689	
71	飞越疯人院	45	9.1	491378	
72	拯救大兵瑞恩	45	9.0	561507	
73	音乐之声	45	9.1	520262	
74	小鞋子	45	9.2	353492	
75	阿凡达	45	8.8	1215615	
76	海豚湾	45	9.3	324754	
77	致命魔术	45	8.9	745503	
78	沉默的羔羊	45	8.9	752561	
79	哈利·波特与死亡圣器(下)	45	8.9	695752	
80	美国往事	45	9.2	358001	
81	禁闭岛	45	8.8	829485	
82	蝴蝶效应	45	8.8	809919	
83	布达佩斯大饭店	45	8.9	779451	
84	心灵捕手	45	8.9	612895	
85	低俗小说	45	8.9	720295	
86	春光乍泄	45	9.0	543771	
87	摩登时代	45	9.3	254346	
88	七宗罪	45	8.8	833643	
89	喜剧之王	45	8.8	834477	
90	致命ID	45	8.8	698904	
91	被嫌弃的松子的一生	45	8.9	628653	
92	杀人回忆	45	8.9	594792	
93	加勒比海盗	45	8.8	750998	
94	红辣椒	45	9.0	376151	
95	狩猎	45	9.1	327426	
96	剪刀手爱德华	45	8.7	935179	
97	请以你的名字呼唤我	45	8.9	603907	
98	勇敢的心	45	8.9	509265	
99	7号房的礼物	45	8.9	476108	
100	功夫	45	8.7	912879	
101	超脱	45	8.9	455164	
102	断背山	45	8.8	627413	
103	哈利·波特与阿兹卡班的囚徒	45	8.9	578216	
104	天使爱美丽	45	8.7	877902	
105	入殓师	45	8.9	566815	
106	唐伯虎点秋香	45	8.7	920871	
107	第六感	45	8.9	479318	
108	幽灵公主	45	8.9	462143	
109	重庆森林	45	8.8	691405	
110	小森林 夏秋篇	45	9.0	368924	
111	阳光灿烂的日子	45	8.8	537504	
112	爱在黎明破晓前	45	8.8	557704	
113	一一	45	9.1	313431	
114	蝙蝠侠：黑暗骑士崛起	45	8.8	620785	
115	菊次郎的夏天	45	8.9	506346	
116	哈利·波特与密室	45	8.8	604583	
117	消失的爱人	45	8.7	793577	
118	超能陆战队	45	8.7	876036	
119	无人知晓	45	9.1	264315	
120	小森林 冬春篇	45	9.0	329848	
121	完美的世界	45	9.1	257475	
122	倩女幽魂	45	8.8	639484	
123	爱在日落黄昏时	45	8.9	460303	
124	侧耳倾听	45	8.9	400206	
125	借东西的小人阿莉埃蒂	45	8.9	474318	
126	甜蜜蜜	45	8.9	451857	
127	萤火之森	45	8.9	453158	
128	驯龙高手	45	8.7	660681	
129	幸福终点站	45	8.8	478796	
130	玛丽和马克思	45	8.9	382407	
131	时空恋旅人	45	8.8	536180	
132	大鱼	45	8.8	499274	
133	怪兽电力公司	45	8.7	571717	
134	告白	45	8.8	604644	
135	阳光姐妹淘	45	8.8	536042	
136	射雕英雄传之东成西就	45	8.7	558551	
137	神偷奶爸	45	8.6	836760	
138	傲慢与偏见	45	8.7	681283	
139	教父3	45	9.0	311235	
140	玩具总动员3	45	8.9	440111	
141	釜山行	45	8.6	1031494	
142	恐怖直播	45	8.7	565801	
143	一个叫欧维的男人决定去死	45	8.9	375926	
144	哪吒闹海	45	9.1	220680	
145	被解救的姜戈	45	8.8	523737	
146	血战钢锯岭	45	8.7	690018	
147	未麻的部屋	45	9.0	261130	
148	头号玩家	45	8.7	1195320	
149	我是山姆	45	9.0	281054	
150	寄生虫	45	8.8	1189090	
151	七武士	45	9.3	167294	
152	喜宴	45	8.9	298293	
153	新世界	45	8.9	331447	
154	电锯惊魂	45	8.8	454220	
155	哈利·波特与火焰杯	45	8.7	524296	
156	模仿游戏	45	8.7	540193	
157	黑客帝国3：矩阵革命	45	8.8	382314	
158	花样年华	45	8.7	508083	
159	卢旺达饭店	45	8.9	277938	
160	上帝之城	45	9.0	267560	
161	三块广告牌	45	8.7	719343	
162	风之谷	45	8.9	318598	
163	疯狂原始人	45	8.7	744848	
164	你的名字。	45	8.5	1203961	
165	谍影重重3	45	8.8	368687	
166	英雄本色	45	8.6	456131	
167	头脑特工队	45	8.7	517461	
168	达拉斯买家俱乐部	45	8.8	391528	
169	纵横四海	45	8.8	359790	
170	心迷宫	45	8.7	436403	
171	岁月神偷	45	8.7	521894	
172	记忆碎片	45	8.7	532681	
173	惊魂记	45	9.0	230166	
174	忠犬八公物语	45	9.2	166722	
175	海街日记	45	8.8	374393	
176	荒蛮故事	45	8.8	379675	
177	九品芝麻官	45	8.6	546486	
178	爆裂鼓手	45	8.7	495136	
179	贫民窟的百万富翁	45	8.6	659933	
180	真爱至上	45	8.6	629036	
181	东邪西毒	45	8.6	511647	
182	绿里奇迹	45	8.9	269429	
183	小偷家族	45	8.7	721115	
184	爱在午夜降临前	45	8.8	319593	
185	无敌破坏王	45	8.7	462335	
186	黑天鹅	45	8.6	711489	
187	冰川时代	45	8.6	539404	
188	你看起来好像很好吃	45	8.9	292663	
189	疯狂的石头	45	8.5	702888	
190	萤火虫之墓	45	8.7	367262	
191	色，戒	45	8.5	628193	
192	雨人	45	8.7	357638	
193	雨中曲	45	9.1	183057	
194	恐怖游轮	45	8.5	701347	
195	恋恋笔记本	45	8.6	575508	
196	魔女宅急便	45	8.7	397954	
197	2001太空漫游	45	8.9	263665	
198	城市之光	45	9.3	120129	
199	可可西里	45	8.8	259679	
200	虎口脱险	45	8.9	213718	
201	人工智能	45	8.7	383657	
202	二十二	45	8.7	263495	
203	遗愿清单	45	8.7	363566	
204	初恋这件小事	4	8.4	884163	
205	海边的曼彻斯特	45	8.6	426195	
206	大佛普拉斯	45	8.7	367874	
207	奇迹男孩	45	8.6	494311	
208	罗生门	45	8.8	268490	
209	终结者2：审判日	45	8.8	300712	
210	牯岭街少年杀人事件	45	8.9	234532	
211	房间	45	8.8	333365	
212	无间道2	45	8.7	380571	
213	源代码	45	8.5	714282	
214	青蛇	45	8.6	451861	
215	东京教父	45	9.0	168425	
216	新龙门客栈	45	8.6	384400	
217	疯狂的麦克斯4：狂暴之路	45	8.6	455853	
218	魂断蓝桥	45	8.8	241189	
219	波西米亚狂想曲	45	8.7	508377	
220	无耻混蛋	45	8.6	412960	
221	步履不停	45	8.8	236972	
222	血钻	45	8.7	322116	
223	茶馆	5	9.5	85082	
224	彗星来的那一夜	45	8.5	468737	
225	千钧一发	45	8.8	239594	
226	战争之王	45	8.7	311783	
227	燃情岁月	45	8.8	253561	
228	黑客帝国2：重装上阵	45	8.6	342534	
229	谍影重重2	45	8.7	309228	
230	崖上的波妞	45	8.6	407697	
231	背靠背，脸对脸	5	9.5	86818	
232	海洋	45	9.1	144512	
233	小丑	45	8.7	867620	
234	阿飞正传	45	8.5	436692	
235	穿越时空的少女	45	8.6	339603	
236	谍影重重	45	8.6	370693	
237	地球上的星星	45	8.9	181393	
238	香水	45	8.5	486172	
239	再次出发之纽约遇见你	45	8.6	371804	
240	完美陌生人	45	8.5	469928	
241	我爱你	45	9.1	144206	
242	爱乐之城	4	8.4	731996	
243	朗读者	45	8.6	411050	
244	火星救援	45	8.5	611202	
245	聚焦	45	8.8	244248	
246	小萝莉的猴神大叔	4	8.4	433692	
247	驴得水	4	8.3	806490	
248	浪潮	45	8.7	239517	
249	猜火车	45	8.6	375898	
250	千年女优	45	8.8	207299	
